#Re    Pe    B    lb    ub    ux_rms    ux_err    uy_rms    uy_err    uz_rms    uz_err    vortz_rms    vortz_err    brms    brms_err    tdisp    tdisp_err    mdisp    mdisp_err    vturb    vturb_err    turb_uzrms    turb_uzrms_err    lam_uzrms    lam_uzrms_err    turb_brms    turb_brms_err    lam_brms    lam_brms_err    uh_rms    uh_rms_err    
# Index 000
# Re = 300.03, Pe =  30.00, B =   0.01
3.0003e+02    3.0003e+01    1.0000e-02    3.7000e+02    4.6000e+02    1.3937e+00    8.8615e-02    1.7424e+00    1.6934e-01    9.6245e-01    8.5886e-02    7.0340e+00    6.7373e-01    1.1629e+00    2.3731e-01    1.5727e+01    3.3723e+00    1.5667e+02    2.7240e+01    9.0350e-01    1.0834e-02    4.3818e-01    3.3675e-02    4.0490e-01    3.1380e-02    1.1593e+00    2.3597e-01    1.2266e+00    2.5126e-01    2.2360e+00    1.2204e-01    
# Re = 300.03, Pe =  30.00, B =   0.10
3.0003e+02    3.0003e+01    1.0000e-01    2.6000e+02    4.6000e+02    1.4832e+00    1.8791e-01    1.5676e+00    2.0361e-01    9.3423e-01    8.7718e-02    7.1087e+00    8.9197e-01    8.3117e-01    1.0018e-01    1.1121e+01    2.3142e+00    1.6124e+02    3.7631e+01    8.3715e-01    2.7429e-02    4.3735e-01    3.7000e-02    3.9832e-01    3.9477e-02    8.2865e-01    9.1922e-02    8.5661e-01    9.9206e-02    2.1726e+00    1.1828e-01    
# Re = 300.03, Pe =  30.00, B =   1.00
3.0003e+02    3.0003e+01    1.0000e+00    1.4000e+02    2.8000e+02    1.5331e+00    3.4082e-01    1.4596e+00    2.9322e-01    8.2632e-01    1.0388e-01    6.2458e+00    1.2293e+00    5.4812e-01    6.0417e-02    5.2766e+00    1.3283e+00    1.3048e+02    4.8992e+01    6.8817e-01    7.8377e-02    4.0072e-01    4.5699e-02    3.5124e-01    4.9440e-02    5.4960e-01    5.3158e-02    5.5858e-01    6.0424e-02    2.1549e+00    1.9840e-01    
# Re = 300.03, Pe =  30.00, B =  10.00
3.0003e+02    3.0003e+01    1.0000e+01    6.0000e+01    1.6000e+02    2.1628e+00    1.9661e-01    1.1276e+00    1.5140e-01    6.1305e-01    8.0725e-02    5.8555e+00    7.9243e-01    2.1110e-01    2.2059e-02    1.0535e+00    2.1219e-01    1.3569e+02    3.2645e+01    4.9520e-01    4.3089e-02    2.6861e-01    3.4253e-02    2.3358e-01    3.0949e-02    2.1102e-01    2.0781e-02    2.0770e-01    2.0899e-02    2.4454e+00    1.7545e-01    
# Re = 300.03, Pe =  30.00, B =  30.00
3.0003e+02    3.0003e+01    3.0000e+01    5.0000e+01    3.0000e+02    2.7411e+00    2.6214e-01    1.0509e+00    1.3393e-01    4.4839e-01    9.6658e-02    5.1062e+00    1.1394e+00    1.0387e-01    1.5323e-02    3.4695e-01    1.1380e-01    1.5187e+02    4.4172e+01    2.5566e-01    7.0665e-02    1.8434e-01    4.1969e-02    1.3635e-01    2.7121e-02    1.1315e-01    1.8240e-02    9.9403e-02    1.3997e-02    2.9411e+00    2.3420e-01    
# Re = 300.03, Pe =  30.00, B = 100.00
3.0003e+02    3.0003e+01    1.0000e+02    3.0000e+02    1.2000e+03    2.7471e+00    3.1333e-01    9.8412e-01    8.5583e-02    1.6598e-01    5.1253e-02    2.4437e+00    5.6710e-01    3.5111e-02    5.1838e-03    4.2256e-02    1.4892e-02    1.1080e+02    2.5682e+01    3.0995e-02    1.6372e-02    1.2600e-01    4.9464e-02    5.3957e-02    1.4931e-02    5.1751e-02    1.0665e-02    3.4606e-02    4.7624e-03    2.9213e+00    2.9414e-01    
# Re = 300.03, Pe =  30.00, B = 300.00
3.0003e+02    3.0003e+01    3.0000e+02    3.0000e+02    9.0000e+02    3.3507e+00    2.9200e-01    1.0138e+00    8.4106e-02    4.0165e-02    1.5351e-02    1.6778e+00    1.6420e-01    1.1979e-02    1.5293e-03    7.7210e-03    2.2506e-03    1.1173e+02    1.9990e+01    1.3868e-03    1.2041e-03    3.1270e-02    2.8991e-02    1.1442e-02    4.2206e-03    1.8413e-02    6.9534e-03    1.1941e-02    1.4329e-03    3.5030e+00    2.7594e-01    
# Re = 300.03, Pe =  30.00, B = 1000.00
3.0003e+02    3.0003e+01    1.0000e+03    8.0000e+02    1.3000e+03    3.5791e+00    2.3654e-01    1.2804e+00    1.0878e-01    2.1247e-02    2.6276e-03    1.7635e+00    1.6788e-01    5.6946e-03    7.6870e-04    2.7348e-03    6.8399e-04    1.6699e+02    2.7721e+01    1.7375e-06    8.8659e-06    7.4932e-03    2.3838e-03    5.5872e-03    5.9315e-04    5.6320e-03    1.9166e-03    5.6937e-03    7.1774e-04    3.8038e+00    2.1950e-01    
# Re = 300.03, Pe =  30.00, B = 10000.00
3.0003e+02    3.0003e+01    1.0000e+04    1.0500e+03    1.4500e+03    2.1891e+00    4.9390e-01    1.6441e+00    1.7353e-01    4.2225e-03    6.0787e-04    1.6360e+00    1.1389e-01    7.5331e-04    6.1362e-05    6.9163e-05    1.5696e-05    1.4288e+02    1.8707e+01    0.0000e+00    0.0000e+00    nan    nan    1.4830e-03    1.5516e-04    nan    nan    7.5424e-04    5.6273e-05    2.7687e+00    3.2190e-01    



# Index 001
# Re = 600.02, Pe =  30.00, B =  10.00
6.0002e+02    3.0003e+01    1.0000e+01    2.6000e+02    3.0000e+02    1.6272e+00    1.7659e-01    1.2247e+00    1.2973e-01    5.7270e-01    5.1215e-02    7.3462e+00    7.8522e-01    1.9352e-01    1.7020e-02    9.0638e-01    1.3088e-01    2.0157e+02    3.8105e+01    5.9108e-01    3.1794e-02    2.8606e-01    2.9408e-02    2.5554e-01    2.5659e-02    1.9134e-01    1.7112e-02    1.9003e-01    1.7791e-02    2.0446e+00    1.2405e-01    
# Re = 600.02, Pe =  30.00, B =  30.00
6.0002e+02    3.0003e+01    3.0000e+01    4.0000e+02    4.8000e+02    2.1001e+00    1.4134e-01    1.0828e+00    9.8852e-02    4.1413e-01    6.3270e-02    7.3328e+00    1.1062e+00    8.8528e-02    1.0127e-02    3.1377e-01    7.2822e-02    2.5214e+02    5.8200e+01    4.3645e-01    5.0092e-02    1.9485e-01    3.2385e-02    1.5575e-01    2.4897e-02    9.1375e-02    1.1346e-02    8.4950e-02    1.0010e-02    2.3655e+00    1.3042e-01    
# Re = 600.02, Pe =  30.00, B = 100.00
6.0002e+02    3.0003e+01    1.0000e+02    3.0000e+02    4.0000e+02    2.2680e+00    1.9028e-01    1.0531e+00    1.0433e-01    2.5508e-01    4.1365e-02    5.6020e+00    1.2129e+00    3.6441e-02    3.9835e-03    7.8678e-02    1.8522e-02    2.9107e+02    5.7165e+01    1.7378e-01    5.3287e-02    1.3942e-01    2.6155e-02    9.0235e-02    1.4060e-02    4.1175e-02    5.1327e-03    3.5305e-02    3.7631e-03    2.5060e+00    1.4114e-01    



# Index 002
# Re = 600.02, Pe =  60.00, B =   0.10
6.0002e+02    6.0002e+01    1.0000e-01    2.7500e+02    4.0000e+02    1.5443e+00    2.5797e-01    1.5098e+00    2.2559e-01    9.4761e-01    1.2005e-01    1.0353e+01    1.7692e+00    8.7239e-01    9.6240e-02    2.2853e+01    5.7888e+00    3.3872e+02    1.1088e+02    8.8243e-01    2.6459e-02    4.4200e-01    5.2240e-02    4.0744e-01    5.6955e-02    8.7170e-01    9.6488e-02    9.0634e-01    1.0688e-01    2.1806e+00    1.6377e-01    
# Re =   0.00, Pe =   0.00, B =   0.00
0.0000e+00    0.0000e+00    0.0000e+00    1.8000e+02    3.2000e+02    nan    nan    nan    nan    nan    nan    nan    nan    nan    nan    nan    nan    nan    nan    nan    nan    nan    nan    nan    nan    nan    nan    nan    nan    nan    nan    
# Re =   0.00, Pe =   0.00, B =   0.00
0.0000e+00    0.0000e+00    0.0000e+00    2.2000e+02    4.5000e+02    nan    nan    nan    nan    nan    nan    nan    nan    nan    nan    nan    nan    nan    nan    nan    nan    nan    nan    nan    nan    nan    nan    nan    nan    nan    nan    
# Re =   0.00, Pe =   0.00, B =   0.00
0.0000e+00    0.0000e+00    0.0000e+00    3.7500e+02    5.6000e+02    nan    nan    nan    nan    nan    nan    nan    nan    nan    nan    nan    nan    nan    nan    nan    nan    nan    nan    nan    nan    nan    nan    nan    nan    nan    nan    
# Re =   0.00, Pe =   0.00, B =   0.00
0.0000e+00    0.0000e+00    0.0000e+00    1.5000e+02    3.0000e+02    nan    nan    nan    nan    nan    nan    nan    nan    nan    nan    nan    nan    nan    nan    nan    nan    nan    nan    nan    nan    nan    nan    nan    nan    nan    nan    
# Re = 600.02, Pe =  60.00, B = 400.00
6.0002e+02    6.0002e+01    4.0000e+02    2.2500e+02    4.6000e+02    2.6903e+00    2.2853e-01    1.0487e+00    7.6966e-02    1.2118e-01    6.2151e-02    2.9551e+00    9.6997e-01    1.4918e-02    2.6690e-03    2.4798e-02    1.2471e-02    4.0374e+02    6.9220e+01    1.4371e-02    1.0988e-02    1.3531e-01    7.3917e-02    3.5558e-02    1.4889e-02    2.7988e-02    8.5233e-03    1.4428e-02    2.0095e-03    2.8904e+00    2.0265e-01    
# Re = 600.02, Pe =  60.00, B = 1000.00
6.0002e+02    6.0002e+01    1.0000e+03    5.0000e+02    9.0000e+02    3.1938e+00    2.6282e-01    1.1412e+00    7.1719e-02    3.9872e-02    3.1729e-02    2.1748e+00    4.4547e-01    6.9217e-03    9.7014e-04    7.1231e-03    2.6903e-03    4.2924e+02    7.2003e+01    1.4611e-03    2.9905e-03    7.3554e-02    7.1072e-02    1.1187e-02    7.1193e-03    1.2584e-02    7.5440e-03    6.8016e-03    8.8954e-04    3.3938e+00    2.4293e-01    
# Re = 600.02, Pe =  60.00, B = 3000.00
6.0002e+02    6.0002e+01    3.0000e+03    6.5000e+02    9.0000e+02    2.3638e+00    3.7386e-01    1.4817e+00    1.3852e-01    1.2561e-02    1.9826e-03    1.8256e+00    1.7234e-01    3.1366e-03    3.2790e-04    1.6663e-03    4.3257e-04    3.5411e+02    7.6098e+01    0.0000e+00    0.0000e+00    nan    nan    4.4131e-03    6.5780e-04    nan    nan    3.0954e-03    2.8040e-04    2.8046e+00    2.7639e-01    
# Re = 600.02, Pe =  60.00, B = 6000.00
6.0002e+02    6.0002e+01    6.0000e+03    4.0000e+01    1.8000e+02    nan    nan    nan    nan    nan    nan    nan    nan    nan    nan    nan    nan    nan    nan    0.0000e+00    0.0000e+00    nan    nan    nan    nan    nan    nan    nan    nan    nan    nan    



# Index 003
# Re = 1000.00, Pe =  10.00, B =   3.00
1.0000e+03    1.0000e+01    3.0000e+00    3.5000e+01    4.0000e+01    nan    nan    nan    nan    nan    nan    nan    nan    nan    nan    nan    nan    nan    nan    nan    nan    nan    nan    nan    nan    nan    nan    nan    nan    nan    nan    
# Re = 1000.00, Pe =  10.00, B = 100.00
1.0000e+03    1.0000e+01    1.0000e+02    3.5000e+01    7.0000e+01    2.2663e+00    2.3541e-01    1.2161e+00    1.6203e-01    2.4979e-01    3.2429e-02    9.1582e+00    1.3135e+00    2.6264e-02    4.7633e-03    2.4810e-02    5.6951e-03    3.8210e+02    8.5888e+01    3.7474e-01    2.9007e-02    1.1363e-01    8.3740e-03    8.0626e-02    3.8637e-03    2.5792e-02    7.2098e-04    2.5281e-02    1.1722e-03    2.5832e+00    1.5324e-01    
# Re = 1000.00, Pe =  10.00, B = 1000.00
1.0000e+03    1.0000e+01    1.0000e+03    9.4000e+01    9.5000e+01    3.1844e+00    2.5974e-02    9.9124e-01    2.8696e-02    4.7555e-02    1.5884e-03    2.3354e+00    2.3867e-02    3.5178e-03    2.7901e-05    1.0138e-03    3.0654e-05    4.2395e+02    1.7276e+01    3.3050e-03    0.0000e+00    5.7044e-02    0.0000e+00    1.3666e-02    0.0000e+00    4.7053e-03    0.0000e+00    3.4773e-03    0.0000e+00    3.3353e+00    1.6369e-02    



# Index 004
# Re = 1000.00, Pe = 100.00, B =   3.00
1.0000e+03    1.0000e+02    3.0000e+00    6.5000e+01    9.0000e+01    2.1797e+00    1.3617e-01    1.1190e+00    1.1263e-01    7.7906e-01    7.0858e-02    1.3167e+01    1.1683e+00    4.1305e-01    4.6100e-02    8.5353e+00    1.5645e+00    5.5344e+02    9.1397e+01    7.7102e-01    1.7354e-02    3.0505e-01    3.1584e-02    2.8083e-01    2.9303e-02    3.8675e-01    6.5630e-02    3.9384e-01    6.8175e-02    2.4532e+00    1.2774e-01    
# Re = 1000.00, Pe = 100.00, B =  10.00
1.0000e+03    1.0000e+02    1.0000e+01    3.0000e+01    7.0000e+01    2.1541e+00    1.4167e-01    1.1271e+00    1.0315e-01    6.5295e-01    6.0050e-02    1.1983e+01    1.3771e+00    2.2722e-01    1.8236e-02    3.0733e+00    5.2274e-01    4.9444e+02    1.0715e+02    6.9052e-01    3.0052e-02    2.7703e-01    3.4280e-02    2.4827e-01    3.1708e-02    2.2336e-01    3.2222e-02    2.2322e-01    3.3341e-02    2.4346e+00    1.1696e-01    
# Re = 1000.00, Pe = 100.00, B =  30.00
1.0000e+03    1.0000e+02    3.0000e+01    5.0000e+01    9.0000e+01    2.1458e+00    1.9562e-01    1.1432e+00    1.4606e-01    4.5997e-01    6.2671e-02    9.8096e+00    1.2660e+00    1.1371e-01    1.4729e-02    9.8372e-01    2.2210e-01    4.0956e+02    8.1081e+01    5.2241e-01    4.1969e-02    2.0733e-01    3.0896e-02    1.6980e-01    2.7761e-02    1.2339e-01    3.2384e-02    1.1793e-01    3.4345e-02    2.4392e+00    1.4552e-01    
# Re = 1000.00, Pe = 100.00, B = 100.00
1.0000e+03    1.0000e+02    1.0000e+02    9.0000e+01    1.1000e+02    2.4372e+00    5.1426e-02    1.1655e+00    6.8138e-02    2.6531e-01    2.9181e-02    6.8595e+00    7.2826e-01    4.6348e-02    2.3262e-03    2.1654e-01    2.8897e-02    3.8851e+02    4.0038e+01    2.1762e-01    2.8472e-02    1.2724e-01    1.8163e-02    8.4302e-02    9.2343e-03    5.1018e-02    2.0102e-03    4.3643e-02    2.6613e-04    2.7025e+00    4.6014e-02    
# Re = 1000.00, Pe = 100.00, B = 300.00
1.0000e+03    1.0000e+02    3.0000e+02    1.0900e+02    1.2000e+02    2.8083e+00    4.1615e-02    1.0438e+00    7.0531e-02    1.5776e-01    2.8376e-02    3.6567e+00    5.2440e-01    2.3016e-02    1.4059e-03    5.5953e-02    1.1079e-02    4.6501e+02    3.6363e+01    3.5155e-02    8.7983e-03    1.4535e-01    2.0107e-02    5.2306e-02    7.9953e-03    3.4671e-02    3.0593e-03    2.3767e-02    8.5106e-04    2.9969e+00    4.2788e-02    



# Index 005
# Re = 600.00, Pe = 600.00, B = 100.00
6.0000e+02    6.0000e+02    1.0000e+02    1.0000e+02    1.2500e+02    1.5320e+00    4.1941e-02    1.3872e+00    9.9927e-02    3.0797e-01    2.8658e-02    4.2392e+00    3.1286e-01    9.9524e-02    3.1616e-03    7.3722e-01    7.5632e-02    2.3582e+02    1.6902e+01    1.6143e-01    1.4687e-02    1.9937e-01    1.6830e-02    1.3702e-01    1.2348e-02    1.0228e-01    4.7908e-03    9.9003e-02    2.9344e-03    2.0687e+00    6.0209e-02    



# Index 006
# Re = 600.00, Pe =  60.00, B =   1.00
6.0000e+02    6.0000e+01    1.0000e+00    4.5000e+01    1.2500e+02    1.4231e+00    1.7114e-01    1.4218e+00    1.3658e-01    6.4128e-01    7.3614e-02    8.0412e+00    1.1688e+00    3.5600e-01    2.9278e-02    5.9690e+00    1.1195e+00    2.1041e+02    6.1015e+01    7.5593e-01    2.4124e-02    3.3051e-01    3.9357e-02    2.8535e-01    3.2436e-02    3.5754e-01    3.3206e-02    3.6220e-01    3.2793e-02    2.0164e+00    1.6908e-01    
# Re = 600.00, Pe =  60.00, B =   3.00
6.0000e+02    6.0000e+01    3.0000e+00    5.5000e+01    1.1000e+02    1.3112e+00    1.3809e-01    1.3327e+00    1.5083e-01    6.0123e-01    6.4389e-02    7.0325e+00    1.0262e+00    2.9780e-01    1.9304e-02    3.5877e+00    6.2369e-01    1.6704e+02    4.8577e+01    6.7684e-01    2.6690e-02    3.3480e-01    3.5544e-02    2.9055e-01    2.7980e-02    2.9730e-01    1.8990e-02    3.0059e-01    1.9227e-02    1.8724e+00    1.7667e-01    
# Re = 600.00, Pe =  60.00, B =  30.00
6.0000e+02    6.0000e+01    3.0000e+01    3.5000e+01    8.0000e+01    1.3223e+00    8.9906e-02    1.0996e+00    7.1727e-02    3.5215e-01    3.7347e-02    3.9650e+00    4.6754e-01    9.7398e-02    7.5612e-03    3.9245e-01    6.7509e-02    1.0776e+02    1.5689e+01    3.0018e-01    3.8404e-02    2.3265e-01    2.5367e-02    1.9048e-01    1.9029e-02    1.0192e-01    7.4206e-03    9.5697e-02    6.7260e-03    1.7219e+00    7.4839e-02    
# Re = 600.00, Pe =  60.00, B = 100.00
6.0000e+02    6.0000e+01    1.0000e+02    4.5000e+01    1.6000e+02    1.3369e+00    5.3251e-02    1.7563e+00    4.8565e-02    1.8807e-01    2.2397e-02    2.3657e+00    2.6865e-01    3.8207e-02    3.2400e-03    8.0699e-02    1.5964e-02    1.4362e+02    1.6439e+01    4.3263e-02    1.6259e-02    1.3392e-01    1.9384e-02    8.3093e-02    8.9937e-03    4.5267e-02    4.4237e-03    3.8006e-02    3.3278e-03    2.2076e+00    5.9875e-02    
# Re = 600.00, Pe =  60.00, B = 180.00
6.0000e+02    6.0000e+01    1.8000e+02    4.0000e+01    9.0000e+01    1.2474e+00    9.5696e-02    1.3692e+00    1.3094e-01    1.3562e-01    3.4359e-02    2.3325e+00    4.0862e-01    2.7657e-02    3.8078e-03    5.2080e-02    1.5768e-02    1.8735e+02    4.7185e+01    3.2872e-02    1.7495e-02    1.3261e-01    5.0356e-02    7.1629e-02    1.6640e-02    3.5141e-02    7.3704e-03    2.7518e-02    3.8277e-03    1.8532e+00    1.5152e-01    
# Re = 600.00, Pe =  60.00, B = 300.00
6.0000e+02    6.0000e+01    3.0000e+02    4.0000e+01    8.0000e+01    1.2468e+00    9.5507e-02    1.3668e+00    1.0740e-01    8.1671e-02    1.3725e-02    2.0716e+00    1.7378e-01    1.9140e-02    1.7967e-03    2.7238e-02    5.0888e-03    1.8965e+02    4.1868e+01    1.2391e-02    5.7966e-03    6.9228e-02    3.0634e-02    4.3013e-02    6.1913e-03    2.3725e-02    3.5801e-03    1.9211e-02    1.7528e-03    1.8504e+00    1.3895e-01    



# Index 007
# Re = 1000.00, Pe = 100.00, B =  10.00
1.0000e+03    1.0000e+02    1.0000e+01    7.0000e+01    1.1000e+02    1.1656e+00    1.1080e-01    1.0870e+00    1.0322e-01    4.6119e-01    4.0854e-02    6.8678e+00    7.6371e-01    1.7700e-01    1.6570e-02    1.6865e+00    2.6131e-01    1.8080e+02    3.4095e+01    5.9741e-01    2.0498e-02    2.9014e-01    3.1518e-02    2.5249e-01    2.5086e-02    1.7383e-01    2.0551e-02    1.7066e-01    2.0778e-02    1.5972e+00    1.0999e-01    
# Re = 1000.00, Pe = 100.00, B = 100.00
1.0000e+03    1.0000e+02    1.0000e+02    4.0000e+01    7.0000e+01    1.7249e+00    4.1444e-02    1.1912e+00    7.6988e-02    2.4608e-01    2.6920e-02    3.9647e+00    7.5443e-01    4.6784e-02    4.2501e-03    1.7654e-01    3.6647e-02    2.2294e+02    3.4808e+01    1.1905e-01    1.2256e-02    1.7376e-01    9.0749e-03    1.1269e-01    5.5933e-03    5.3001e-02    1.6592e-03    4.5608e-02    1.8399e-03    2.0967e+00    7.4387e-02    



# Index 008
# Re = 300.00, Pe =  30.00, B =  10.00
3.0000e+02    3.0000e+01    1.0000e+01    5.0000e+01    2.5000e+02    1.1815e+00    8.8221e-02    1.1616e+00    1.0222e-01    4.5380e-01    4.6577e-02    3.7265e+00    4.3383e-01    1.7561e-01    1.4488e-02    6.7126e-01    1.2658e-01    6.1103e+01    1.2101e+01    4.2800e-01    3.5695e-02    2.9796e-01    3.2262e-02    2.5323e-01    2.5517e-02    1.7991e-01    1.4822e-02    1.7387e-01    1.4899e-02    1.6584e+00    1.1499e-01    



